0.420896	25	3
0.662709	13	3
0.904522	2	3
1.146335	5	3
1.388147	14	3
1.629960	13	3
1.871773	8	3
2.113586	7	3
2.355398	6	3
2.597211	2	3
2.839024	3	3
3.080837	10	3
3.322649	3	3
3.564462	3	3
3.806275	0	3
4.048088	5	3
4.289900	0	3
4.531713	0	3
4.773526	0	3
5.015339	7	3
5.257151	2	3
5.498964	2	3
5.740777	0	3
5.982590	1	3
6.224402	6	3
6.466215	3	3
6.708028	0	3
6.949841	0	3
7.191653	0	3
7.433466	4	3
7.675279	0	3
7.917092	0	3
8.158904	0	3
8.400717	0	3
8.642530	0	3
8.884343	0	3
9.126155	5	3
9.367968	1	3
9.609781	0	3
9.851594	5	3
