# channelNumb JulianDay PossibleDecayLength(MicroSeconds) StartDecay EndDecay FirstSignalTimeOverThreshold(nanoseconds) SecondSignalTimeoverThreshold(nanoseconds) PossibleDecayNumber
6203.4	2457392	3.99125	0.2461358163203096	0.2461358163665046	22.50	35.00	1
6203.1	2457392	3.99125	0.2461358163203386	0.2461358163665336	38.75	25.00	1
6203.4	2457392	3.96500	0.2461358163206134	0.2461358163665046	22.50	35.00	1
6203.2	2457392	3.99125	0.2461358163212095	0.2461358163674045	62.50	27.50	1
6203.4	2457392	0.58125	0.2466854231135822	0.2466854231203096	26.25	32.50	1
6203.1	2457392	0.58250	0.2466854231136401	0.2466854231203820	36.25	28.75	1
6203.4	2457392	0.55125	0.2466854231139294	0.2466854231203096	20.00	32.50	1
6203.2	2457392	0.58000	0.2466854231144821	0.2466854231211950	40.00	62.50	1
6203.2	2457392	0.53875	0.2466854231149595	0.2466854231211950	26.25	62.50	1
6203.1	2457392	9.12000	0.2497968706987095	0.2497968708042651	21.25	40.00	1
6203.4	2457392	9.11500	0.2497968706987674	0.2497968708042651	6.25	20.00	1
6203.1	2457392	9.09751	0.2497968706989699	0.2497968708042651	18.75	40.00	1
6203.2	2457392	9.12001	0.2497968706995949	0.2497968708051505	60.00	45.00	1
6203.4	2457392	3.22125	0.2519237710260243	0.2519237710633073	21.25	32.50	1
6203.4	2457392	3.19500	0.2519237710263282	0.2519237710633073	17.50	32.50	1
6203.2	2457392	3.21626	0.2519237710269386	0.2519237710641638	52.50	22.50	1
6203.4	2457392	5.00875	0.2523360303175174	0.2523360303754890	21.25	20.00	1
6203.4	2457392	4.98125	0.2523360303178357	0.2523360303754890	18.75	20.00	1
6203.2	2457392	5.00750	0.2523360303184317	0.2523360303763889	48.75	40.00	1
6203.4	2457392	3.18625	0.2524421431460619	0.2524421431829398	20.00	42.50	1
6203.4	2457392	3.16250	0.2524421431463368	0.2524421431829398	16.25	42.50	1
6203.4	2457392	0.56875	0.2531158396448177	0.2531158396514005	20.00	31.25	1
6203.1	2457392	0.56875	0.2531158396448467	0.2531158396514294	36.24	27.50	1
6203.4	2457392	0.54376	0.2531158396451070	0.2531158396514005	17.50	31.25	1
6203.2	2457392	0.56874	0.2531158396457176	0.2531158396523003	62.50	32.50	1
6203.4	2457392	0.33624	0.2549170698638571	0.2549170698677488	35.00	31.25	1
6203.1	2457392	0.33625	0.2549170698638860	0.2549170698677778	21.25	27.50	1
6203.1	2457392	0.31125	0.2549170698641754	0.2549170698677778	20.00	27.50	1
6203.4	2457392	0.29999	0.2549170698642767	0.2549170698677488	26.24	31.25	1
6203.4	2457392	1.29000	0.2549685469383218	0.2549685469532524	31.25	31.24	1
6203.1	2457392	1.28375	0.2549685469383652	0.2549685469532234	25.00	30.00	1
6203.2	2457392	1.29000	0.2549685469392361	0.2549685469541667	28.75	26.24	1
6203.4	2457392	2.47125	0.2551226304124393	0.2551226304410417	21.25	23.76	1
6203.1	2457392	2.47001	0.2551226304124826	0.2551226304410707	36.25	26.25	1
6203.4	2457392	2.44501	0.2551226304127430	0.2551226304410417	17.50	23.76	1
6203.2	2457392	2.47001	0.2551226304133391	0.2551226304419271	57.50	60.00	1
6203.4	2457392	1.27624	0.2555818335716262	0.2555818335863976	28.75	31.25	1
6203.1	2457392	1.27500	0.2555818335716695	0.2555818335864265	26.25	30.00	1
6203.2	2457392	1.27500	0.2555818335725405	0.2555818335872974	36.25	42.50	1
6203.4	2457392	7.52001	0.2564772946845891	0.2564772947716262	20.00	20.00	1
6203.1	2457392	7.51875	0.2564772946846470	0.2564772947716696	37.50	25.00	1
6203.4	2457392	7.49500	0.2564772946848785	0.2564772947716262	22.50	20.00	1
6203.2	2457392	7.51874	0.2564772946855035	0.2564772947725260	55.00	50.00	1
6203.4	2457392	3.05375	0.2575040404455411	0.2575040404808854	25.00	35.00	1
6203.4	2457392	3.02499	0.2575040404458739	0.2575040404808854	21.25	35.00	1
6203.2	2457392	3.04875	0.2575040404464554	0.2575040404817419	57.50	88.75	1
6203.4	2457392	6.50125	0.2584702518491580	0.2584702519244040	21.25	75.00	1
6203.4	2457392	6.47500	0.2584702518494618	0.2584702519244040	15.00	75.00	1
6203.2	2457392	6.50625	0.2584702518500434	0.2584702519253472	60.00	45.00	1
6203.1	2457392	5.14875	0.2592760107963658	0.2592760108559578	22.50	31.24	1
6203.4	2457392	5.14999	0.2592760107963658	0.2592760108559722	51.25	31.25	1
6203.1	2457392	5.12376	0.2592760107966551	0.2592760108559578	18.75	31.24	1
6203.4	2457392	2.12500	0.2599938045294676	0.2599938045540625	25.00	26.25	1
6203.1	2457392	2.12751	0.2599938045295255	0.2599938045541494	36.25	25.00	1
6203.4	2457392	2.09499	0.2599938045298149	0.2599938045540625	16.25	26.25	1
6203.2	2457392	2.12751	0.2599938045303964	0.2599938045550203	43.75	16.25	1
6203.4	2457392	1.99251	0.2620826392048148	0.2620826392278762	22.49	25.00	1
6203.1	2457392	1.99125	0.2620826392048582	0.2620826392279051	32.50	25.00	1
6203.4	2457392	1.96626	0.2620826392051186	0.2620826392278762	12.50	25.00	1
6203.2	2457392	1.99251	0.2620826392057147	0.2620826392287761	57.51	31.25	1
6203.4	2457392	1.85499	0.2626132348688629	0.2626132348903327	38.75	30.00	1
6203.2	2457392	1.85499	0.2626132348697628	0.2626132348912326	55.00	40.00	1
6203.4	2457392	3.13125	0.2630850353870631	0.2630850354233044	36.25	15.01	1
6203.4	2457392	3.09250	0.2630850353875116	0.2630850354233044	22.50	15.01	1
6203.4	2457392	9.87250	0.2639125663972772	0.2639125665115423	37.50	42.50	1
6203.2	2457392	9.87000	0.2639125663981771	0.2639125665124132	43.75	22.50	1
6203.4	2457392	1.97000	0.2660375655872946	0.2660375656100955	25.00	23.76	1
6203.4	2457392	1.94250	0.2660375655876129	0.2660375656100955	18.75	23.76	1
6203.4	2457392	0.57500	0.2674295699257784	0.2674295699324335	47.50	8.75	1
6203.4	2457392	4.12875	0.2675222934921412	0.2675222935399277	60.00	16.24	1
6203.4	2457392	1.17000	0.2677880357436459	0.2677880357571875	41.25	33.75	1
6203.4	2457392	1.12750	0.2677880357441378	0.2677880357571875	32.50	33.75	1
6203.1	2457392	1.54374	0.2689012565090394	0.2689012565269068	37.50	20.00	1
6203.4	2457392	1.53875	0.2689012565090394	0.2689012565268490	21.25	30.00	1
6203.4	2457392	1.51375	0.2689012565093287	0.2689012565268490	15.00	30.00	1
6203.2	2457392	1.54000	0.2689012565099248	0.2689012565277488	56.25	33.75	1
6203.4	2457392	0.33375	0.2701620370399566	0.2701620370438194	6.25	12.50	1
6203.1	2457392	0.50750	0.2701620370400290	0.2701620370459028	10.00	15.00	1
6203.4	2457392	0.31376	0.2701620370401880	0.2701620370438194	10.00	12.50	1
6203.4	2457392	0.33249	0.2701620370407090	0.2701620370445573	8.75	10.00	1
6203.1	2457392	0.44250	0.2701620370407813	0.2701620370459028	7.50	15.00	1
6203.4	2457392	0.31250	0.2701620370409404	0.2701620370445573	8.75	10.00	1
6203.2	2457392	0.30750	0.2701620370409867	0.2701620370445457	7.50	7.50	1
6203.1	2457392	0.40249	0.2701620370412443	0.2701620370459028	12.50	15.00	1
6203.2	2457392	0.30750	0.2701620370414641	0.2701620370450231	7.50	12.50	1
6203.4	2457392	1.51624	0.2702692467815655	0.2702692467991146	26.24	21.25	1
6203.4	2457392	1.48625	0.2702692467819126	0.2702692467991146	18.75	21.25	1
6203.2	2457392	1.51125	0.2702692467824942	0.2702692467999855	43.75	57.50	1
6203.4	2457392	0.75750	0.2704398467142477	0.2704398467230151	22.50	33.75	1
6203.4	2457392	0.73125	0.2704398467145515	0.2704398467230151	17.50	33.75	1
6203.2	2457392	0.75625	0.2704398467151620	0.2704398467239149	57.50	68.75	1
6203.4	2457392	1.61126	0.2710711291861227	0.2710711292047715	36.25	47.50	1
6203.4	2457392	1.57001	0.2710711291866001	0.2710711292047715	21.25	47.50	1
6203.1	2457392	3.50125	0.2723993504822165	0.2723993505227402	30.00	28.75	1
6203.4	2457392	3.49625	0.2723993504822165	0.2723993505226823	27.50	35.00	1
6203.2	2457392	3.49875	0.2723993504831019	0.2723993505235967	41.25	36.25	1
6203.4	2457392	6.22125	0.2735085151295255	0.2735085152015307	31.25	27.50	1
6203.1	2457392	6.22000	0.2735085151295689	0.2735085152015596	30.00	31.25	1
6203.2	2457392	6.22249	0.2735085151304109	0.2735085152024305	47.50	36.25	1
6203.4	2457392	1.36625	0.2740685326927778	0.2740685327085909	30.00	27.50	1
6203.1	2457392	1.36750	0.2740685326928068	0.2740685327086343	37.50	28.75	1
6203.4	2457392	1.33500	0.2740685326931395	0.2740685327085909	22.49	27.50	1
6203.4	2457392	1.32375	0.2749246709312905	0.2749246709466117	20.00	31.25	1
6203.1	2457392	1.32499	0.2749246709313050	0.2749246709466406	37.50	26.25	1
6203.4	2457392	1.30000	0.2749246709315654	0.2749246709466117	13.75	31.25	1
6203.2	2457392	1.32375	0.2749246709321904	0.2749246709475116	50.00	31.25	1
6203.4	2457392	1.59126	0.2752498975597338	0.2752498975781511	28.74	21.25	1
6203.1	2457392	1.59000	0.2752498975598062	0.2752498975782090	35.00	27.50	1
6203.4	2457392	1.56000	0.2752498975600955	0.2752498975781511	22.50	21.25	1
6203.4	2457392	5.02500	0.2779431091651881	0.2779431092233478	33.75	13.75	1
6203.2	2457392	5.02750	0.2779431091660446	0.2779431092242332	23.75	11.25	1
6203.2	2457392	4.99875	0.2779431091663773	0.2779431092242332	11.25	11.25	1
6119.3	2457392	5.40001	0.3743564977806887	0.3743564978431888	28.74	27.50	1
6119.1	2457392	5.40125	0.3743564977807176	0.3743564978432321	21.25	16.25	1
6119.4	2457392	6.01625	0.3777231682619097	0.3777231683315422	43.75	20.00	1
6119.4	2457392	1.12375	0.3829262300621991	0.3829262300752055	31.25	22.50	1
6119.3	2457392	2.74251	0.3879445493808332	0.3879445494125752	33.76	26.25	1
6119.2	2457392	9.97250	0.4011564831670745	0.4011564832824970	21.25	18.76	1
6119.4	2457392	9.96626	0.4011564831671325	0.4011564832824827	31.25	22.49	1
6119.2	2457392	9.95000	0.4011564831673350	0.4011564832824970	11.25	18.76	1
6119.2	2457392	0.73876	0.4054012141643691	0.4054012141729195	22.50	25.00	1
6119.1	2457392	9.04625	0.4120064976242505	0.4120064977289525	25.01	13.75	1
6119.3	2457392	0.79750	0.4129420096323090	0.4129420096415393	27.50	26.25	1
6119.1	2457392	0.79999	0.4129420096323235	0.4129420096415827	20.00	31.25	1
6119.2	2457392	0.44376	0.4147797752810503	0.4147797752861864	33.75	24.99	1
6119.4	2457392	0.43999	0.4147797752810649	0.4147797752861574	18.75	33.75	1
6119.4	2457392	0.41625	0.4147797752813397	0.4147797752861574	14.99	33.75	1
6119.4	2457392	2.59502	0.4150954486525057	0.4150954486825406	15.00	28.75	1
6119.4	2457392	2.57502	0.4150954486527372	0.4150954486825406	11.25	28.75	1
6119.2	2457392	2.43374	0.4235281116104052	0.4235281116385735	21.25	21.25	1
6119.4	2457392	2.43623	0.4235281116104052	0.4235281116386023	27.51	22.50	1
6119.2	2457392	1.25499	0.4246981420832061	0.4246981420977315	27.51	17.50	1
6119.4	2457392	1.25251	0.4246981420832205	0.4246981420977171	31.25	17.50	1
6119.1	2457392	3.07124	0.4326261565340307	0.4326261565695775	27.50	21.25	1
6119.3	2457392	3.06999	0.4326261565340307	0.4326261565695630	41.25	22.50	1
6119.2	2457392	1.66625	0.4355722456073379	0.4355722456266232	28.75	28.75	1
6119.4	2457392	1.66751	0.4355722456073668	0.4355722456266667	31.26	16.25	1
6119.1	2457392	0.45000	0.4399072665972396	0.4399072666024479	30.00	22.50	1
6119.3	2457392	0.45000	0.4399072665972540	0.4399072666024624	28.75	21.25	1
6119.3	2457392	2.04874	0.4616995593509288	0.4616995593746411	26.24	21.25	1
6119.1	2457392	2.04874	0.4616995593509433	0.4616995593746556	22.49	18.75	1
6119.1	2457392	0.47124	0.4643205877599855	0.4643205877654397	23.76	18.76	1
6119.3	2457392	0.46625	0.4643205877600000	0.4643205877653964	36.24	20.00	1
6119.1	2457392	0.37125	0.4655471314076997	0.4655471314119966	21.25	30.00	1
6119.3	2457392	0.37124	0.4655471314077141	0.4655471314120109	20.00	17.50	1
6119.4	2457392	2.15875	0.4677371068766811	0.4677371069016666	38.74	25.00	1
6119.2	2457392	6.26125	0.4694724374880093	0.4694724375604775	35.00	25.00	1
6119.4	2457392	6.25625	0.4694724374880093	0.4694724375604196	24.99	34.99	1
6119.4	2457392	6.23001	0.4694724374883130	0.4694724375604196	17.50	34.99	1
6119.3	2457392	9.35126	0.4694819011302401	0.4694819012384722	23.75	20.00	1
6119.3	2457392	3.35624	0.4803718042006684	0.4803718042395138	26.24	35.00	1
6119.1	2457392	2.92374	0.4835568614408883	0.4835568614747279	27.50	18.75	1
6119.3	2457392	2.91874	0.4835568614409028	0.4835568614746846	27.50	23.75	1
6119.1	2457392	0.53377	0.4918200725356365	0.4918200725418143	31.25	19.99	1
6119.3	2457392	0.53126	0.4918200725356655	0.4918200725418143	42.50	14.99	1
